820 0 150 -180 0 0 1200 0 0 160 25 0 0 0 0 0 0
933.983 -10.0139 65.7376 -166.182 -43.824 -10.307 1200 0 0 160 25 0 0 0 0 0 0
944.547 -8.2938 35.2288 -166.182 -43.824 -10.307 1200 1 0 160 25 0 0 0 0 0 0
944.597 -13.392 34.225 -159.748 -42.7459 -14.741 300 1 0 160 25 0 0 0 0 0 0
944.644 -18.3767 32.8014 -153.552 -41.3052 -18.9388 300 1 0 160 25 0 0 0 0 0 0
944.689 -23.3231 30.9239 -147.54 -39.5029 -22.8853 300 1 0 160 25 0 0 0 0 0 0
944.731 -28.1776 28.5849 -141.745 -37.3471 -26.5497 300 1 0 160 25 0 0 0 0 0 0
944.771 -32.9475 25.7431 -136.107 -34.7949 -29.9718 300 1 0 160 25 0 0 0 0 0 0
944.808 -37.7252 22.2604 -130.506 -31.7982 -33.1488 300 1 0 160 25 0 0 0 0 0 0
944.841 -42.4133 18.079 -124.933 -28.2621 -36.0955 300 1 0 160 25 0 0 0 0 0 0
944.87 -47.1037 12.8931 -119.166 -23.977 -38.8375 300 1 0 160 25 0 0 0 0 0 0
944.893 -51.7377 6.31662 -113 -18.5584 -41.3696 300 1 0 160 25 0 0 0 0 0 0
944.906 -56.2211 -2.5388 -105.918 -10.4939 -43.7973 300 1 0 160 25 0 0 0 0 0 0
944.889 -60.2592 -17.5608 -95.7682 -10.4935 -43.7949 300 0 0 160 25 0 0 0 0 0 0
930.853 -74.3692 4.41569 -95.7682 -10.4935 -43.7949 1200 0 0 160 25 0 0 0 0 0 0
820 0 150 -180 0 0 1200 0 0 160 25 0 0 0 0 0 0
600 -55 130 180 30 0 1200 0 0 160 25 0 0 0 0 0 0
933.983 -10.0139 65.7376 -169.425 -44.5454 -5.655 1200 0 0 160 25 0 0 0 0 0 0
944.547 -8.2938 35.2288 -169.425 -44.5454 -5.655 1200 1 0 160 25 0 0 0 0 0 0
944.494 -3.11043 35.8031 -176.315 -44.863 -0.703712 300 1 0 160 25 0 0 0 0 0 0
944.436 2.4525 35.9328 175.92 -44.6979 5.15723 300 1 0 160 25 0 0 0 0 0 0
944.358 9.56737 35.3676 166.856 -43.7991 11.459 300 1 0 160 25 0 0 0 0 0 0

944.281 16.3476 34.0448 158.512 -42.316 17.0638 300 1 0 160 25 0 0 0 0 0 0
951.28 22.5266 32.1269 150.642 40.6949 -21.222 300 1 0 160 25 0 0 0 0 0 0

951.198 29.1178 29.2612 142.562 37.7451 -26.5625 300 1 0 160 25 0 0 0 0 0 0
951.106 36.2749 25.0157 133.926 33.4009 -32.0468 300 1 0 160 25 0 0 0 0 0 0
950.992 44.5013 18.244 123.607 24.9957 -38.895 300 1 0 160 25 0 0 0 0 0 0
950.797 56.619 1.58734 110.109 25.0222 -38.9526 300 0 0 160 25 0 0 0 0 0 0
964.866 69.3958 27.8182 110.109 25.0222 -38.9526 1200 0 0 160 25 0 0 0 0 0 0
820 0 150 -180 0 0 1200 0 0 160 25 0 0 0 0 0 0
600 -55 130 180 30 0 1200 0 0 160 25 0 0 0 0 0 0
820 0 150 -180 0 0 1200 0 0 160 25 0 0 0 0 0 0
600 -55 130 180 30 0 1200 0 0 160 25 0 0 0 0 0 0
600 -55 130 180 30 0 1200 0 0 160 25 0 0 0 0 0 0
