600 -55 130 180 30 0 12000 0 0 160 25
820 0 150 -180 0 0 12000 0 0 160 25
944.421 17.9174 125.702 -150.83 -40.312 3.3402 2400 0 0 160 25
961.023 34.0215 65.0613 -150.83 -40.312 3.3402 12000 1 0 160 25
960.781 31.1214 13.2626 -150.83 -40.312 3.3402 1200 0 0 160 25
944.179 15.0173 73.9033 -150.83 -40.312 3.3402 12000 0 0 160 25
953.126 0.900385 14.0972 -157.336 -45.0962 0.871424 1200 0 0 160 25
962.841 6.82869 -15.6739 -157.336 -45.0962 0.871424 12000 1 0 160 25
964.922 -113.917 -15.9178 157.664 -45.0962 0.871423 1200 0 0 160 25
955.009 -108.366 13.8766 157.664 -45.0962 0.871423 12000 0 0 160 25
947.743 -121.655 125.86 147.077 -39.7578 1.09905 2400 0 0 160 25
964.705 -138.181 65.8558 147.077 -39.7578 1.09905 12000 1 0 160 25
963.613 -138.144 14.0579 147.077 -39.7578 1.09905 1200 0 0 160 25
946.651 -121.618 74.062 147.077 -39.7578 1.09905 12000 0 0 160 25
820 0 150 -180 0 0 12000 0 0 160 25
600 -55 130 180 30 0 12000 0 0 160 25
600 -55 130 180 30 0 12000 0 0 160 25
